0 0.023438 0.112500 0.034375 0.041667
0 0.085156 0.109722 0.034375 0.036111
0 0.145313 0.107639 0.031250 0.034722
0 0.202734 0.104167 0.032031 0.036111
0 0.255859 0.099306 0.027344 0.040278
0 0.311328 0.095833 0.025781 0.036111
0 0.362109 0.089583 0.025781 0.037500
0 0.410938 0.090972 0.026562 0.037500
0 0.460938 0.084722 0.029687 0.033333
0 0.508984 0.078472 0.027344 0.037500
0 0.555469 0.072917 0.025000 0.034722
0 0.601562 0.070833 0.025000 0.036111
0 0.642969 0.065278 0.026562 0.036111
0 0.714453 0.073611 0.016406 0.036111
0 0.741016 0.084028 0.019531 0.037500
0 0.768750 0.095139 0.017188 0.037500
0 0.798047 0.106944 0.019531 0.036111
0 0.830078 0.120833 0.024219 0.038889
0 0.865625 0.137500 0.023438 0.036111
0 0.904297 0.153472 0.025781 0.043056
