0 0.036458 0.200000 0.042708 0.051852
0 0.107813 0.197222 0.039583 0.055556
0 0.173958 0.187963 0.037500 0.048148
0 0.238802 0.183796 0.033854 0.056481
0 0.303125 0.180093 0.034375 0.041667
0 0.364323 0.170833 0.032813 0.039815
0 0.425260 0.165741 0.035937 0.046296
0 0.484115 0.160185 0.035937 0.050000
0 0.542969 0.154630 0.028646 0.042593
0 0.600260 0.147685 0.034896 0.043519
0 0.660677 0.142593 0.034896 0.046296
0 0.715365 0.138889 0.030729 0.042593
0 0.762760 0.139352 0.026562 0.045370
0 0.807292 0.151852 0.023958 0.053704
0 0.852604 0.169907 0.026042 0.050926
0 0.895052 0.187963 0.026562 0.051852
0 0.934896 0.201852 0.026042 0.046296
0 0.975781 0.218981 0.021354 0.049074
