0 0.065234 0.138889 0.035156 0.044444
0 0.131641 0.127778 0.030469 0.041667
0 0.243359 0.136806 0.019531 0.043056
0 0.277734 0.149306 0.017969 0.043056
0 0.314063 0.164583 0.020313 0.045833
0 0.351562 0.178472 0.021875 0.048611
0 0.391797 0.193056 0.021094 0.044444
0 0.433203 0.209028 0.022656 0.045833
0 0.476172 0.225000 0.024219 0.050000
0 0.520703 0.241667 0.021094 0.050000
0 0.565625 0.258333 0.021875 0.047222
0 0.786328 0.338889 0.030469 0.058333
0 0.850391 0.356944 0.033594 0.052778
0 0.919531 0.384028 0.035937 0.062500
0 0.985938 0.406944 0.028125 0.055556
