0 0.048438 0.193750 0.026562 0.029167
0 0.099609 0.196528 0.024219 0.029167
0 0.150391 0.197222 0.025781 0.027778
0 0.200000 0.196528 0.025000 0.029167
0 0.255859 0.196528 0.013281 0.029167
0 0.299219 0.195139 0.023438 0.026389
0 0.347656 0.194444 0.023438 0.027778
0 0.397266 0.194444 0.025781 0.027778
0 0.444531 0.193056 0.025000 0.030556
0 0.542578 0.192361 0.024219 0.026389
0 0.500391 0.193056 0.013281 0.027778
0 0.590234 0.189583 0.025781 0.029167
0 0.639062 0.188889 0.025000 0.027778
0 0.687500 0.187500 0.025000 0.030556
0 0.737500 0.186111 0.025000 0.027778
0 0.787109 0.184722 0.024219 0.027778
0 0.836719 0.184028 0.025000 0.029167
0 0.886719 0.179861 0.025000 0.031944
0 0.790625 0.088194 0.040625 0.029167
0 0.937891 0.177778 0.027344 0.030556
0 0.988672 0.175000 0.022656 0.033333
