0 0.025000 0.131944 0.035937 0.041667
0 0.087500 0.134028 0.020313 0.037500
0 0.163672 0.135417 0.038281 0.034722
0 0.228906 0.142361 0.035937 0.040278
0 0.297266 0.145833 0.033594 0.038889
0 0.365234 0.150000 0.032031 0.038889
0 0.432031 0.150694 0.034375 0.040278
0 0.499609 0.155556 0.033594 0.036111
0 0.569141 0.156944 0.035156 0.041667
0 0.638672 0.156250 0.036719 0.037500
0 0.708984 0.158333 0.036719 0.041667
0 0.782422 0.159722 0.038281 0.036111
0 0.856250 0.159722 0.039062 0.041667
0 0.931641 0.160417 0.039844 0.040278
