0 0.050781 0.166667 0.031250 0.036111
0 0.116016 0.166667 0.033594 0.038889
0 0.188281 0.168750 0.020313 0.031944
0 0.243750 0.167361 0.028125 0.034722
0 0.305859 0.167361 0.028906 0.034722
0 0.373828 0.165278 0.019531 0.036111
0 0.428906 0.164583 0.028125 0.034722
0 0.488672 0.162500 0.030469 0.033333
0 0.550000 0.161111 0.028125 0.036111
0 0.611328 0.160417 0.030469 0.034722
0 0.671875 0.158333 0.031250 0.036111
0 0.733984 0.154861 0.030469 0.034722
0 0.794922 0.151389 0.030469 0.033333
0 0.858203 0.150000 0.032031 0.036111
0 0.921484 0.145833 0.032031 0.036111
0 0.984375 0.138889 0.031250 0.038889
0 0.800000 0.030556 0.050000 0.038889
