0 0.008984 0.276389 0.016406 0.036111
0 0.052734 0.277778 0.028906 0.036111
0 0.105469 0.278472 0.028125 0.034722
0 0.160156 0.283333 0.028125 0.027778
0 0.210156 0.282639 0.028125 0.034722
0 0.264062 0.285417 0.023438 0.031944
0 0.313672 0.285417 0.027344 0.031944
0 0.364063 0.284722 0.028125 0.036111
0 0.416797 0.287500 0.028906 0.030556
0 0.467578 0.287500 0.030469 0.030556
0 0.518750 0.287500 0.025000 0.030556
0 0.571094 0.286111 0.028125 0.030556
0 0.621875 0.288194 0.026562 0.034722
0 0.675781 0.286806 0.034375 0.031944
0 0.727344 0.286111 0.028125 0.033333
0 0.778516 0.288194 0.027344 0.034722
0 0.831641 0.284722 0.030469 0.036111
0 0.887109 0.286806 0.032031 0.040278
0 0.942969 0.284722 0.031250 0.036111
0 0.992578 0.283333 0.014844 0.038889
