0 0.024609 0.128472 0.030469 0.040278
0 0.087891 0.119444 0.030469 0.038889
0 0.146875 0.109722 0.028125 0.041667
0 0.248047 0.120139 0.019531 0.037500
0 0.279297 0.131250 0.019531 0.037500
0 0.311719 0.147222 0.020313 0.038889
0 0.345313 0.158333 0.021875 0.041667
0 0.382422 0.170833 0.019531 0.044444
0 0.419141 0.182639 0.022656 0.043056
0 0.458594 0.198611 0.021875 0.044444
0 0.498828 0.213889 0.021094 0.044444
0 0.537891 0.224306 0.021094 0.043056
0 0.735938 0.300000 0.029687 0.050000
0 0.792188 0.317361 0.032813 0.056944
0 0.851953 0.338889 0.033594 0.055556
0 0.916406 0.357639 0.037500 0.059722
0 0.983594 0.377778 0.032813 0.052778
