0 0.010937 0.127083 0.020313 0.034722
0 0.065234 0.120833 0.030469 0.036111
0 0.126172 0.111806 0.027344 0.037500
0 0.183203 0.102778 0.027344 0.038889
0 0.279297 0.111806 0.016406 0.037500
0 0.308594 0.122917 0.017188 0.040278
0 0.340625 0.135417 0.017188 0.040278
0 0.373047 0.146528 0.019531 0.040278
0 0.408594 0.161111 0.018750 0.041667
0 0.442969 0.170833 0.020313 0.041667
0 0.482031 0.187500 0.023438 0.041667
0 0.519531 0.200000 0.021875 0.036111
0 0.558203 0.216667 0.017969 0.041667
0 0.750391 0.287500 0.025781 0.052778
0 0.806250 0.305556 0.029687 0.052778
0 0.863672 0.325000 0.030469 0.052778
0 0.927344 0.345139 0.032813 0.051389
0 0.988281 0.361806 0.023438 0.051389
