0 0.042969 0.162500 0.032813 0.036111
0 0.107031 0.163194 0.031250 0.037500
0 0.178906 0.163889 0.015625 0.033333
0 0.232422 0.163194 0.030469 0.034722
0 0.293750 0.163194 0.029687 0.034722
0 0.358594 0.161806 0.025000 0.034722
0 0.415234 0.160417 0.028906 0.034722
0 0.475391 0.158333 0.028906 0.033333
0 0.534375 0.156250 0.029687 0.037500
0 0.593750 0.155556 0.029687 0.033333
0 0.652734 0.152083 0.030469 0.034722
0 0.713281 0.150694 0.031250 0.031944
0 0.773438 0.147222 0.029687 0.036111
0 0.834766 0.143750 0.030469 0.034722
0 0.896094 0.140972 0.031250 0.034722
0 0.957812 0.137500 0.032813 0.036111
0 0.777734 0.028472 0.049219 0.037500
