0 0.014063 0.133333 0.026562 0.036111
0 0.074609 0.129167 0.033594 0.038889
0 0.137500 0.117361 0.031250 0.040278
0 0.241406 0.124306 0.020313 0.040278
0 0.273438 0.135417 0.021875 0.040278
0 0.305859 0.151389 0.017969 0.041667
0 0.341016 0.163194 0.019531 0.043056
0 0.378125 0.178472 0.018750 0.043056
0 0.415625 0.191667 0.020313 0.044444
0 0.455469 0.206250 0.020313 0.043056
0 0.497656 0.222917 0.021875 0.045833
0 0.537891 0.236806 0.017969 0.045833
0 0.741406 0.311111 0.026562 0.052778
0 0.798828 0.329167 0.028906 0.052778
0 0.862109 0.351389 0.032031 0.055556
0 0.927734 0.374306 0.033594 0.054167
0 0.990234 0.393056 0.019531 0.050000
