0 0.017578 0.258333 0.032031 0.033333
0 0.073047 0.256250 0.025781 0.040278
0 0.130078 0.259028 0.030469 0.037500
0 0.184766 0.261111 0.030469 0.036111
0 0.235547 0.261806 0.024219 0.031944
0 0.293359 0.263889 0.027344 0.036111
0 0.346875 0.265278 0.026562 0.038889
0 0.400781 0.264583 0.026562 0.034722
0 0.455078 0.263889 0.028906 0.030556
0 0.507031 0.265278 0.028125 0.033333
0 0.564063 0.267361 0.025000 0.031944
0 0.608203 0.263194 0.021094 0.031944
0 0.671875 0.265972 0.029687 0.034722
0 0.725391 0.265278 0.028906 0.036111
0 0.781641 0.262500 0.028906 0.033333
0 0.835547 0.260417 0.025781 0.043056
0 0.892578 0.261111 0.030469 0.036111
0 0.953516 0.259722 0.032031 0.036111
