0 0.046094 0.131250 0.029687 0.034722
0 0.107031 0.125000 0.029687 0.036111
0 0.163281 0.118750 0.028125 0.037500
0 0.216797 0.112500 0.027344 0.036111
0 0.268750 0.100694 0.026562 0.037500
0 0.355469 0.109028 0.017188 0.043056
0 0.383203 0.120833 0.017969 0.036111
0 0.412109 0.132639 0.016406 0.037500
0 0.443359 0.143750 0.016406 0.037500
0 0.473828 0.154167 0.017969 0.036111
0 0.507031 0.168056 0.017188 0.038889
0 0.541016 0.180556 0.017969 0.038889
0 0.578516 0.193750 0.019531 0.040278
0 0.613281 0.209722 0.015625 0.038889
0 0.791797 0.272917 0.024219 0.048611
0 0.841016 0.288194 0.028906 0.040278
0 0.896875 0.304861 0.031250 0.045833
0 0.958203 0.329167 0.033594 0.047222
