0 0.029687 0.288889 0.028125 0.033333
0 0.074219 0.288889 0.020313 0.033333
0 0.120313 0.290278 0.025000 0.036111
0 0.164844 0.290278 0.026562 0.030556
0 0.210938 0.291667 0.025000 0.027778
0 0.253125 0.290278 0.021875 0.030556
0 0.298438 0.293056 0.021875 0.025000
0 0.342187 0.293056 0.021875 0.025000
0 0.386719 0.293056 0.023438 0.025000
0 0.432812 0.294444 0.021875 0.027778
0 0.477344 0.294444 0.020313 0.027778
0 0.519531 0.294444 0.023438 0.022222
0 0.564844 0.291667 0.023438 0.033333
0 0.608594 0.293056 0.023438 0.025000
0 0.651563 0.294444 0.021875 0.027778
0 0.696875 0.293056 0.025000 0.036111
0 0.739844 0.293056 0.023438 0.036111
0 0.784375 0.294444 0.025000 0.027778
0 0.828125 0.291667 0.025000 0.033333
0 0.874219 0.293056 0.023438 0.030556
0 0.917969 0.291667 0.023438 0.027778
0 0.966406 0.293056 0.026562 0.030556
