0 0.036719 0.142361 0.035937 0.043056
0 0.107031 0.132639 0.032813 0.045833
0 0.223438 0.143056 0.021875 0.047222
0 0.257422 0.155556 0.021094 0.047222
0 0.295312 0.169444 0.021875 0.047222
0 0.335156 0.184028 0.021875 0.048611
0 0.376172 0.199306 0.022656 0.043056
0 0.418750 0.214583 0.023438 0.048611
0 0.462109 0.231250 0.024219 0.051389
0 0.508594 0.250000 0.023438 0.050000
0 0.554688 0.265278 0.020313 0.047222
0 0.779687 0.348611 0.032813 0.055556
0 0.846094 0.370139 0.035937 0.056944
0 0.915234 0.394444 0.038281 0.061111
0 0.984766 0.414583 0.030469 0.054167
