0 0.055078 0.118750 0.028906 0.029167
0 0.109375 0.119444 0.026562 0.030556
0 0.163281 0.119444 0.026562 0.030556
0 0.223047 0.119444 0.011719 0.030556
0 0.007812 0.118750 0.014063 0.031944
0 0.268359 0.118056 0.024219 0.030556
0 0.324219 0.118750 0.014063 0.029167
0 0.370703 0.115972 0.025781 0.031944
0 0.420312 0.115278 0.025000 0.030556
0 0.471875 0.113889 0.025000 0.027778
0 0.522266 0.112500 0.024219 0.030556
0 0.571875 0.110417 0.025000 0.029167
0 0.622266 0.109722 0.025781 0.030556
0 0.672266 0.106944 0.025781 0.030556
0 0.723047 0.101389 0.025781 0.030556
0 0.773828 0.101389 0.025781 0.030556
0 0.825391 0.098611 0.025781 0.027778
0 0.875391 0.094444 0.025781 0.030556
0 0.927734 0.093056 0.027344 0.033333
0 0.981250 0.087500 0.026562 0.033333
0 0.726172 0.011806 0.041406 0.020833
