0 0.030859 0.136806 0.035156 0.037500
0 0.100391 0.136806 0.038281 0.037500
0 0.169531 0.144444 0.032813 0.038889
0 0.237500 0.147917 0.032813 0.040278
0 0.305859 0.147917 0.033594 0.040278
0 0.373437 0.150000 0.034375 0.044444
0 0.440234 0.152083 0.036719 0.043056
0 0.508203 0.154167 0.035156 0.041667
0 0.576562 0.152778 0.035937 0.041667
0 0.647656 0.154167 0.035937 0.041667
0 0.716016 0.153472 0.036719 0.043056
0 0.788281 0.154167 0.039062 0.041667
0 0.860156 0.156250 0.037500 0.045833
0 0.936719 0.152083 0.040625 0.048611
