0 0.128385 0.188426 0.041146 0.041667
0 0.195833 0.182870 0.033333 0.045370
0 0.259115 0.177778 0.036979 0.038889
0 0.322135 0.174074 0.036979 0.042593
0 0.388542 0.167593 0.037500 0.046296
0 0.448437 0.161574 0.035417 0.043519
0 0.502083 0.158333 0.036458 0.046296
0 0.562240 0.153241 0.033854 0.043519
0 0.616406 0.147685 0.036979 0.045370
0 0.678906 0.140741 0.034896 0.042593
0 0.734896 0.139815 0.038542 0.048148
0 0.783854 0.140741 0.022917 0.046296
0 0.829427 0.156944 0.024479 0.043519
0 0.871354 0.167593 0.025000 0.050000
0 0.914323 0.182407 0.024479 0.051852
0 0.958594 0.201389 0.021354 0.052778
