0 0.021875 0.165972 0.025000 0.031944
0 0.075391 0.165278 0.024219 0.027778
0 0.126172 0.165278 0.024219 0.027778
0 0.176563 0.165278 0.025000 0.027778
0 0.225781 0.165972 0.021875 0.026389
0 0.276953 0.164583 0.024219 0.026389
0 0.325781 0.163889 0.023438 0.030556
0 0.374609 0.163889 0.024219 0.030556
0 0.423047 0.162500 0.025781 0.027778
0 0.520703 0.161111 0.024219 0.027778
0 0.569141 0.159028 0.024219 0.026389
0 0.617969 0.158333 0.025000 0.027778
0 0.666406 0.155556 0.023438 0.027778
0 0.716016 0.154861 0.024219 0.029167
0 0.764453 0.153472 0.024219 0.026389
0 0.814063 0.152083 0.025000 0.029167
0 0.864453 0.149306 0.024219 0.029167
0 0.914844 0.145139 0.025000 0.029167
0 0.966406 0.142361 0.025000 0.031944
0 0.768359 0.056944 0.039844 0.030556
