0 0.127865 0.192593 0.043229 0.042593
0 0.192708 0.184722 0.035417 0.050926
0 0.258333 0.180093 0.041667 0.043519
0 0.323437 0.173148 0.037500 0.042593
0 0.382552 0.169907 0.036979 0.041667
0 0.445573 0.162500 0.032813 0.047222
0 0.503125 0.161574 0.030208 0.041667
0 0.562500 0.154630 0.032292 0.038889
0 0.618750 0.146296 0.032292 0.042593
0 0.677344 0.143981 0.031771 0.039815
0 0.736979 0.134722 0.034375 0.049074
0 0.782552 0.140278 0.025521 0.045370
0 0.827344 0.153704 0.024479 0.051852
0 0.871354 0.170833 0.022917 0.047222
0 0.915885 0.185185 0.027604 0.050000
0 0.957292 0.198611 0.027083 0.052778
