0 0.039062 0.194444 0.029687 0.038889
0 0.089453 0.193056 0.028906 0.033333
0 0.139063 0.190972 0.029687 0.034722
0 0.190234 0.193750 0.024219 0.034722
0 0.291406 0.196528 0.034375 0.034722
0 0.337891 0.195139 0.025781 0.031944
0 0.389844 0.192361 0.029687 0.040278
0 0.434375 0.191667 0.029687 0.036111
0 0.533984 0.188194 0.030469 0.048611
0 0.583594 0.190972 0.029687 0.040278
0 0.630859 0.185417 0.028906 0.040278
0 0.679688 0.186806 0.028125 0.040278
0 0.728906 0.186111 0.029687 0.041667
0 0.778906 0.184722 0.025000 0.044444
0 0.827734 0.179861 0.028906 0.048611
0 0.879687 0.179167 0.031250 0.050000
0 0.928125 0.178472 0.028125 0.043056
0 0.981250 0.176389 0.028125 0.041667
