0 0.024219 0.075000 0.035937 0.038889
0 0.086328 0.073611 0.036719 0.036111
0 0.146484 0.072917 0.032031 0.037500
0 0.202734 0.070139 0.032031 0.040278
0 0.259375 0.072917 0.031250 0.034722
0 0.315234 0.068056 0.027344 0.036111
0 0.368750 0.068056 0.029687 0.036111
0 0.420703 0.063889 0.030469 0.044444
0 0.471875 0.059722 0.028125 0.036111
0 0.522656 0.054167 0.026562 0.036111
0 0.573047 0.052778 0.032031 0.038889
0 0.623828 0.047917 0.028906 0.037500
0 0.672266 0.044444 0.027344 0.038889
0 0.719141 0.043056 0.024219 0.041667
0 0.768359 0.032639 0.033594 0.040278
0 0.816406 0.034028 0.031250 0.037500
0 0.862109 0.026389 0.033594 0.038889
0 0.937891 0.035417 0.021094 0.045833
0 0.969141 0.050000 0.016406 0.044444
0 0.992188 0.056944 0.012500 0.044444
