0 0.048047 0.074306 0.032031 0.043056
0 0.162891 0.077083 0.028906 0.034722
0 0.218750 0.077778 0.025000 0.036111
0 0.271875 0.080556 0.028125 0.038889
0 0.326562 0.080556 0.028125 0.033333
0 0.377344 0.079861 0.026562 0.029167
0 0.430078 0.079167 0.028906 0.030556
0 0.480078 0.080556 0.027344 0.041667
0 0.533984 0.078472 0.025781 0.034722
0 0.583203 0.075000 0.024219 0.033333
0 0.636328 0.075694 0.027344 0.029167
0 0.684766 0.075694 0.022656 0.031944
0 0.737500 0.074306 0.026562 0.031944
0 0.788672 0.068056 0.025781 0.041667
0 0.842578 0.066667 0.027344 0.036111
0 0.894922 0.065278 0.028906 0.033333
0 0.948047 0.059722 0.032031 0.036111
