0 0.331250 0.166667 0.029687 0.038889
0 0.380469 0.163194 0.029687 0.048611
0 0.428906 0.161806 0.031250 0.037500
0 0.525000 0.162500 0.032813 0.036111
0 0.578125 0.160417 0.029687 0.037500
0 0.621875 0.159028 0.031250 0.040278
0 0.671094 0.155556 0.031250 0.036111
0 0.722266 0.155556 0.028906 0.038889
0 0.280078 0.165972 0.028906 0.034722
0 0.228906 0.165278 0.029687 0.041667
0 0.181250 0.167361 0.035937 0.040278
0 0.130469 0.166667 0.028125 0.038889
0 0.077734 0.163889 0.027344 0.033333
0 0.025781 0.167361 0.040625 0.043056
0 0.772656 0.056250 0.046875 0.043056
0 0.768750 0.157639 0.032813 0.043056
0 0.821484 0.151389 0.025781 0.038889
0 0.869141 0.150000 0.025781 0.036111
0 0.921094 0.146528 0.035937 0.045833
0 0.970313 0.140972 0.028125 0.037500
