0 0.068750 0.130556 0.029687 0.047222
0 0.125000 0.134028 0.028125 0.040278
0 0.238281 0.133333 0.029687 0.041667
0 0.351562 0.130556 0.032813 0.041667
0 0.403516 0.128472 0.028906 0.045833
0 0.462500 0.130556 0.034375 0.041667
0 0.514062 0.127083 0.028125 0.034722
0 0.571094 0.125000 0.040625 0.041667
0 0.626172 0.122222 0.030469 0.047222
0 0.679297 0.122222 0.030469 0.041667
0 0.733984 0.115972 0.030469 0.037500
0 0.787891 0.113889 0.030469 0.036111
0 0.844922 0.108333 0.030469 0.041667
0 0.898438 0.110417 0.029687 0.037500
0 0.956250 0.101389 0.026562 0.047222
