0 0.016797 0.176389 0.027344 0.033333
0 0.071875 0.177778 0.029687 0.025000
0 0.121094 0.177778 0.028125 0.033333
0 0.173828 0.179167 0.025781 0.033333
0 0.272266 0.177778 0.025781 0.027778
0 0.321484 0.178472 0.025781 0.029167
0 0.370703 0.175694 0.024219 0.031944
0 0.418359 0.175694 0.024219 0.031944
0 0.516016 0.173611 0.024219 0.027778
0 0.564453 0.172917 0.024219 0.029167
0 0.612109 0.171528 0.024219 0.031944
0 0.661328 0.169444 0.022656 0.027778
0 0.709766 0.168056 0.025781 0.033333
0 0.760938 0.167361 0.026562 0.034722
0 0.809375 0.163194 0.026562 0.031944
0 0.858203 0.160417 0.025781 0.029167
0 0.908203 0.158333 0.024219 0.033333
0 0.960938 0.156250 0.026562 0.034722
0 0.763281 0.068750 0.042188 0.034722
