0 0.049609 0.063194 0.035156 0.043056
0 0.109375 0.062500 0.034375 0.038889
0 0.169531 0.064583 0.034375 0.034722
0 0.225391 0.065972 0.030469 0.037500
0 0.280078 0.065278 0.030469 0.033333
0 0.334375 0.062500 0.029687 0.041667
0 0.388672 0.059028 0.030469 0.037500
0 0.442188 0.057639 0.032813 0.040278
0 0.494141 0.059722 0.030469 0.038889
0 0.546094 0.054167 0.029687 0.038889
0 0.597266 0.052778 0.027344 0.036111
0 0.650391 0.050000 0.030469 0.033333
0 0.699609 0.048611 0.028906 0.038889
0 0.749219 0.045833 0.031250 0.036111
0 0.800781 0.039583 0.029687 0.043056
0 0.851172 0.037500 0.028906 0.041667
0 0.905078 0.031944 0.028906 0.041667
0 0.955078 0.030556 0.033594 0.036111
