0 0.014063 0.136806 0.025000 0.045833
0 0.079297 0.142361 0.036719 0.040278
0 0.147656 0.143750 0.037500 0.043056
0 0.216016 0.146528 0.039844 0.045833
0 0.284375 0.150694 0.039062 0.045833
0 0.350000 0.152083 0.045312 0.045833
0 0.418750 0.155556 0.035937 0.044444
0 0.483594 0.156944 0.035937 0.050000
0 0.553516 0.159028 0.036719 0.045833
0 0.621094 0.159028 0.045312 0.048611
0 0.693750 0.157639 0.039062 0.051389
0 0.763281 0.161111 0.037500 0.050000
0 0.832812 0.163194 0.043750 0.043056
0 0.909375 0.161111 0.040625 0.038889
0 0.981641 0.159028 0.036719 0.043056
