0 0.066406 0.133333 0.034375 0.041667
0 0.130859 0.122222 0.030469 0.044444
0 0.239063 0.133333 0.020313 0.047222
0 0.273047 0.147917 0.017969 0.043056
0 0.308203 0.160417 0.021094 0.043056
0 0.344531 0.174306 0.020313 0.045833
0 0.382812 0.190972 0.021875 0.045833
0 0.423828 0.204167 0.021094 0.047222
0 0.465234 0.219444 0.022656 0.050000
0 0.509766 0.236111 0.022656 0.047222
0 0.551172 0.250694 0.021094 0.040278
0 0.766797 0.328472 0.028906 0.054167
0 0.827734 0.349306 0.033594 0.056944
0 0.892578 0.372222 0.035156 0.061111
0 0.964063 0.394444 0.035937 0.063889
