0 0.028906 0.065278 0.031250 0.038889
0 0.142187 0.070139 0.026562 0.043056
0 0.198047 0.075000 0.027344 0.033333
0 0.253906 0.072222 0.029687 0.033333
0 0.305859 0.070139 0.032031 0.040278
0 0.359375 0.077083 0.026562 0.037500
0 0.412891 0.075000 0.025781 0.038889
0 0.464844 0.075000 0.026562 0.044444
0 0.517969 0.072222 0.029687 0.036111
0 0.569141 0.070833 0.030469 0.036111
0 0.621094 0.067361 0.026562 0.034722
0 0.671484 0.068750 0.028906 0.040278
0 0.723828 0.065972 0.025781 0.040278
0 0.775000 0.063889 0.026562 0.041667
0 0.827344 0.060417 0.028125 0.045833
0 0.882812 0.055556 0.028125 0.036111
0 0.933984 0.052778 0.025781 0.036111
0 0.987109 0.044444 0.025781 0.038889
