0 0.038672 0.170833 0.036719 0.044444
0 0.093359 0.172222 0.030469 0.041667
0 0.148047 0.170833 0.035156 0.038889
0 0.196484 0.170833 0.032031 0.041667
0 0.306250 0.171528 0.032813 0.040278
0 0.354297 0.166667 0.032031 0.033333
0 0.405859 0.168056 0.033594 0.041667
0 0.455078 0.161111 0.033594 0.047222
0 0.505859 0.168750 0.039844 0.048611
0 0.555078 0.164583 0.025781 0.043056
0 0.608594 0.161806 0.029687 0.045833
0 0.660156 0.159722 0.028125 0.038889
0 0.711719 0.159722 0.028125 0.041667
0 0.762891 0.156250 0.032031 0.045833
0 0.812891 0.152083 0.032031 0.048611
0 0.866016 0.150694 0.027344 0.045833
0 0.918359 0.147917 0.028906 0.040278
0 0.973828 0.147917 0.035156 0.048611
