0 0.104688 0.118056 0.035937 0.055556
0 0.043359 0.124306 0.039844 0.059722
0 0.160938 0.107639 0.035937 0.065278
0 0.261719 0.118056 0.023438 0.061111
0 0.293359 0.129861 0.019531 0.062500
0 0.322656 0.138194 0.023438 0.070833
0 0.357031 0.153472 0.021875 0.068056
0 0.392578 0.165278 0.027344 0.052778
0 0.430859 0.181250 0.027344 0.059722
0 0.467578 0.195139 0.021094 0.059722
0 0.506250 0.204861 0.025000 0.065278
0 0.799609 0.315972 0.036719 0.073611
0 0.858984 0.338194 0.047656 0.079167
0 0.920703 0.354861 0.047656 0.079167
