0 0.009375 0.251389 0.017188 0.036111
0 0.062891 0.251389 0.030469 0.036111
0 0.119531 0.252778 0.028125 0.038889
0 0.176953 0.259028 0.027344 0.037500
0 0.233984 0.256944 0.027344 0.036111
0 0.288281 0.260417 0.028125 0.037500
0 0.344141 0.259028 0.027344 0.031944
0 0.400391 0.259028 0.027344 0.037500
0 0.454688 0.260417 0.028125 0.037500
0 0.510156 0.260417 0.028125 0.037500
0 0.621484 0.265278 0.028906 0.038889
0 0.675781 0.259028 0.026562 0.037500
0 0.730859 0.259028 0.033594 0.040278
0 0.789062 0.261806 0.031250 0.040278
0 0.848437 0.259028 0.031250 0.031944
0 0.906250 0.259028 0.034375 0.037500
0 0.966406 0.259722 0.031250 0.036111
