0 0.014453 0.172222 0.027344 0.030556
0 0.071484 0.170139 0.028906 0.034722
0 0.128125 0.170139 0.029687 0.034722
0 0.183203 0.172222 0.028906 0.030556
0 0.239453 0.171528 0.019531 0.031944
0 0.290625 0.169444 0.028125 0.033333
0 0.343359 0.170139 0.025781 0.031944
0 0.397266 0.168750 0.028906 0.031944
0 0.448828 0.168750 0.028906 0.031944
0 0.502344 0.167361 0.029687 0.031944
0 0.554688 0.165278 0.028125 0.033333
0 0.608203 0.164583 0.027344 0.034722
0 0.660937 0.162500 0.028125 0.030556
0 0.713281 0.159722 0.028125 0.033333
0 0.767578 0.156944 0.028906 0.030556
0 0.820312 0.154861 0.028125 0.034722
0 0.875781 0.154167 0.026562 0.030556
0 0.928125 0.148611 0.029687 0.036111
0 0.983594 0.144444 0.026562 0.036111
0 0.771484 0.054167 0.042969 0.036111
