0 0.071094 0.116667 0.028125 0.041667
0 0.123828 0.117361 0.036719 0.048611
0 0.177344 0.120139 0.035937 0.037500
0 0.276562 0.115278 0.029687 0.038889
0 0.378906 0.117361 0.037500 0.040278
0 0.428125 0.118056 0.032813 0.038889
0 0.477344 0.115972 0.032813 0.040278
0 0.528906 0.113194 0.031250 0.040278
0 0.573828 0.113194 0.028906 0.037500
0 0.623828 0.106944 0.028906 0.038889
0 0.673438 0.104861 0.026562 0.040278
0 0.725000 0.102083 0.032813 0.043056
0 0.772266 0.101389 0.032031 0.041667
0 0.822656 0.098611 0.026562 0.038889
0 0.875000 0.100694 0.029687 0.040278
0 0.924219 0.093056 0.028125 0.038889
0 0.975781 0.091667 0.029687 0.038889
0 0.017188 0.119444 0.031250 0.041667
