0 0.067187 0.172222 0.029687 0.044444
0 0.133203 0.171528 0.032031 0.040278
0 0.197656 0.169444 0.029687 0.036111
0 0.258594 0.169444 0.034375 0.041667
0 0.322266 0.171528 0.036719 0.031944
0 0.389844 0.167361 0.026562 0.034722
0 0.444922 0.168056 0.036719 0.044444
0 0.508984 0.168056 0.028906 0.033333
0 0.570312 0.163194 0.034375 0.037500
0 0.629297 0.163889 0.033594 0.038889
0 0.694531 0.161806 0.034375 0.034722
0 0.756250 0.158333 0.032813 0.044444
0 0.816797 0.154861 0.035156 0.037500
0 0.878516 0.152083 0.036719 0.037500
0 0.946484 0.151389 0.038281 0.036111
