0 0.075000 0.154167 0.021875 0.041667
0 0.113281 0.167361 0.025000 0.048611
0 0.151953 0.186806 0.022656 0.054167
0 0.193359 0.203472 0.024219 0.054167
0 0.236328 0.220833 0.022656 0.061111
0 0.280078 0.231944 0.027344 0.069444
0 0.328516 0.255556 0.025781 0.066667
0 0.375781 0.268056 0.029687 0.063889
0 0.426172 0.287500 0.025781 0.069444
0 0.652344 0.363194 0.034375 0.068056
0 0.718359 0.387500 0.039844 0.063889
0 0.788672 0.412500 0.041406 0.061111
0 0.859766 0.434028 0.047656 0.065278
0 0.939063 0.461111 0.046875 0.077778
