0 0.053906 0.180556 0.031250 0.036111
0 0.113672 0.181250 0.030469 0.034722
0 0.170703 0.183333 0.028906 0.036111
0 0.231641 0.184028 0.019531 0.031944
0 0.283984 0.181250 0.028906 0.034722
0 0.339453 0.181250 0.028906 0.034722
0 0.394531 0.180556 0.029687 0.036111
0 0.449609 0.180556 0.027344 0.036111
0 0.504297 0.179167 0.028906 0.033333
0 0.558984 0.175694 0.030469 0.037500
0 0.613672 0.176389 0.028906 0.036111
0 0.669531 0.172917 0.029687 0.034722
0 0.724609 0.172917 0.030469 0.031944
0 0.780469 0.170139 0.028125 0.029167
0 0.837109 0.166667 0.028906 0.033333
0 0.892578 0.164583 0.030469 0.034722
0 0.949609 0.159722 0.028906 0.036111
0 0.784766 0.060417 0.046094 0.037500
