0 0.024219 0.124306 0.034375 0.040278
0 0.078125 0.127778 0.032813 0.036111
0 0.135156 0.127778 0.035937 0.038889
0 0.248047 0.125000 0.036719 0.033333
0 0.355859 0.120139 0.028906 0.034722
0 0.405469 0.120833 0.032813 0.033333
0 0.464844 0.122917 0.028125 0.034722
0 0.516797 0.120833 0.032031 0.033333
0 0.570312 0.120833 0.031250 0.033333
0 0.620313 0.115278 0.029687 0.041667
0 0.673047 0.113889 0.030469 0.036111
0 0.723828 0.111806 0.028906 0.031944
0 0.778516 0.104861 0.030469 0.037500
0 0.833203 0.104861 0.028906 0.037500
0 0.888281 0.102083 0.032813 0.034722
0 0.943359 0.100694 0.033594 0.037500
