0 0.037500 0.161806 0.026562 0.054167
0 0.073438 0.168750 0.021875 0.034722
0 0.115625 0.183333 0.023438 0.030556
0 0.158594 0.199306 0.025000 0.037500
0 0.203125 0.222917 0.028125 0.048611
0 0.245312 0.229861 0.026562 0.031944
0 0.291406 0.242361 0.025000 0.040278
0 0.340234 0.259722 0.027344 0.036111
0 0.387109 0.289583 0.021094 0.054167
0 0.617188 0.371528 0.034375 0.062500
0 0.682422 0.379861 0.036719 0.034722
0 0.750000 0.404167 0.037500 0.036111
0 0.825391 0.421528 0.039844 0.034722
0 0.903906 0.465278 0.045312 0.063889
0 0.980859 0.476389 0.038281 0.044444
