0 0.011328 0.285417 0.021094 0.031944
0 0.060547 0.287500 0.027344 0.036111
0 0.111719 0.287500 0.026562 0.030556
0 0.162500 0.291667 0.026562 0.030556
0 0.212500 0.290972 0.023438 0.031944
0 0.262500 0.291667 0.026562 0.027778
0 0.312109 0.292361 0.024219 0.029167
0 0.364453 0.294444 0.024219 0.033333
0 0.410938 0.295833 0.026562 0.033333
0 0.460938 0.294444 0.023438 0.033333
0 0.508594 0.293750 0.023438 0.029167
0 0.558594 0.292361 0.025000 0.031944
0 0.608594 0.294444 0.028125 0.033333
0 0.658203 0.293750 0.024219 0.034722
0 0.709375 0.293750 0.026562 0.029167
0 0.759766 0.295833 0.024219 0.033333
0 0.810156 0.295833 0.031250 0.033333
0 0.861719 0.294444 0.029687 0.036111
0 0.916406 0.293056 0.031250 0.030556
0 0.969922 0.288889 0.032031 0.036111
