0 0.037109 0.065278 0.033594 0.050000
0 0.097266 0.064583 0.035156 0.048611
0 0.157031 0.065278 0.034375 0.033333
0 0.216016 0.064583 0.036719 0.037500
0 0.270313 0.065972 0.032813 0.040278
0 0.324609 0.061806 0.032031 0.043056
0 0.380859 0.061111 0.028906 0.041667
0 0.434766 0.062500 0.032031 0.033333
0 0.485156 0.053472 0.029687 0.037500
0 0.535937 0.055556 0.031250 0.036111
0 0.584375 0.051389 0.028125 0.033333
0 0.637109 0.046528 0.032031 0.037500
0 0.687500 0.047917 0.029687 0.037500
0 0.737109 0.041667 0.027344 0.044444
0 0.785937 0.036806 0.029687 0.037500
0 0.835547 0.029861 0.028906 0.034722
0 0.885938 0.026389 0.034375 0.030556
0 0.933203 0.022222 0.030469 0.041667
