0 0.043750 0.275000 0.028125 0.033333
0 0.092969 0.273611 0.023438 0.036111
0 0.144531 0.280556 0.026562 0.038889
0 0.192969 0.277778 0.023438 0.038889
0 0.239063 0.277778 0.021875 0.038889
0 0.288281 0.277778 0.026562 0.033333
0 0.333594 0.279167 0.023438 0.036111
0 0.381250 0.280556 0.025000 0.044444
0 0.430469 0.279167 0.023438 0.036111
0 0.475781 0.279167 0.026562 0.036111
0 0.523438 0.281944 0.021875 0.030556
0 0.573438 0.281944 0.025000 0.036111
0 0.617188 0.283333 0.025000 0.044444
0 0.664062 0.281944 0.028125 0.041667
0 0.710156 0.279167 0.026562 0.036111
0 0.757812 0.280556 0.025000 0.038889
0 0.807813 0.277778 0.028125 0.044444
0 0.853906 0.277778 0.023438 0.038889
0 0.902344 0.277778 0.026562 0.038889
0 0.952344 0.280556 0.029687 0.038889
