0 0.019141 0.255556 0.022656 0.033333
0 0.075391 0.260417 0.025781 0.034722
0 0.131641 0.260417 0.027344 0.034722
0 0.185156 0.261806 0.025000 0.029167
0 0.232813 0.261111 0.017188 0.036111
0 0.288672 0.260417 0.021094 0.037500
0 0.342187 0.265972 0.025000 0.034722
0 0.396484 0.265278 0.027344 0.036111
0 0.448437 0.268750 0.026562 0.040278
0 0.497656 0.266667 0.023438 0.041667
0 0.553516 0.267361 0.027344 0.031944
0 0.611328 0.267361 0.013281 0.043056
0 0.660156 0.268056 0.029687 0.033333
0 0.713281 0.264583 0.028125 0.037500
0 0.766016 0.266667 0.025781 0.030556
0 0.819531 0.265278 0.032813 0.036111
0 0.875000 0.265972 0.029687 0.034722
0 0.930469 0.259722 0.032813 0.038889
0 0.985938 0.257639 0.028125 0.037500
