0 0.026172 0.198611 0.032031 0.033333
0 0.089063 0.199306 0.031250 0.034722
0 0.150391 0.200000 0.030469 0.033333
0 0.267969 0.192361 0.031250 0.015278
0 0.326953 0.193750 0.028906 0.018056
0 0.385547 0.197917 0.030469 0.037500
0 0.443359 0.197917 0.028906 0.031944
0 0.500391 0.197222 0.030469 0.030556
0 0.557031 0.187500 0.034375 0.025000
0 0.614844 0.188194 0.029687 0.023611
0 0.672656 0.184722 0.029687 0.019444
0 0.729688 0.188194 0.029687 0.034722
0 0.787109 0.186111 0.028906 0.036111
0 0.848047 0.184028 0.028906 0.031944
0 0.905469 0.174306 0.032813 0.018056
0 0.968750 0.172222 0.028125 0.022222
0 0.793359 0.072917 0.046094 0.040278
