0 0.012500 0.295833 0.023438 0.038889
0 0.060547 0.293750 0.024219 0.034722
0 0.110937 0.296528 0.029687 0.034722
0 0.158984 0.300694 0.027344 0.037500
0 0.208984 0.304167 0.025781 0.033333
0 0.257031 0.301389 0.025000 0.027778
0 0.304688 0.299306 0.023438 0.029167
0 0.353125 0.297917 0.021875 0.031944
0 0.401953 0.300000 0.027344 0.030556
0 0.450000 0.304167 0.023438 0.033333
0 0.498047 0.302083 0.024219 0.026389
0 0.544141 0.301389 0.025781 0.036111
0 0.594922 0.301389 0.027344 0.033333
0 0.640625 0.303472 0.025000 0.043056
0 0.689844 0.301389 0.025000 0.036111
0 0.736719 0.301389 0.028125 0.027778
0 0.786328 0.300000 0.025781 0.036111
0 0.837500 0.297917 0.029687 0.031944
0 0.885156 0.298611 0.028125 0.033333
0 0.939844 0.298611 0.031250 0.033333
0 0.987891 0.297917 0.024219 0.040278
