0 0.064453 0.131250 0.032031 0.040278
0 0.130469 0.119444 0.034375 0.047222
0 0.234375 0.129167 0.025000 0.050000
0 0.272266 0.146528 0.019531 0.051389
0 0.304297 0.158333 0.019531 0.052778
0 0.342187 0.169444 0.020313 0.055556
0 0.380859 0.184722 0.019531 0.050000
0 0.418750 0.198611 0.026562 0.047222
0 0.460547 0.208333 0.022656 0.050000
0 0.502734 0.228472 0.019531 0.062500
0 0.547656 0.244444 0.023438 0.055556
0 0.757031 0.320833 0.035937 0.061111
0 0.816797 0.340972 0.036719 0.059722
0 0.880859 0.364583 0.033594 0.065278
0 0.948828 0.387500 0.044531 0.061111
