0 0.129167 0.193519 0.045833 0.044444
0 0.195312 0.187037 0.038542 0.048148
0 0.261198 0.184259 0.038021 0.044444
0 0.321354 0.178241 0.043750 0.050926
0 0.384635 0.174537 0.038021 0.062037
0 0.445833 0.166667 0.039583 0.051852
0 0.504948 0.162037 0.039062 0.050000
0 0.561719 0.152315 0.042188 0.047222
0 0.620052 0.150926 0.034896 0.055556
0 0.678125 0.144907 0.038542 0.052778
0 0.732552 0.137963 0.039062 0.055556
0 0.784635 0.148148 0.028646 0.055556
0 0.828385 0.158796 0.027604 0.058333
0 0.872396 0.167593 0.031250 0.057407
0 0.914844 0.187037 0.029687 0.055556
0 0.957552 0.201389 0.027604 0.060185
