0 0.051172 0.163889 0.028906 0.036111
0 0.103125 0.162500 0.029687 0.038889
0 0.157031 0.166667 0.026562 0.030556
0 0.207031 0.165972 0.032813 0.029167
0 0.264453 0.165278 0.016406 0.030556
0 0.310156 0.164583 0.028125 0.031944
0 0.359766 0.165278 0.027344 0.027778
0 0.408594 0.162500 0.028125 0.036111
0 0.459375 0.161806 0.026562 0.034722
0 0.508203 0.161806 0.025781 0.037500
0 0.557422 0.157639 0.025781 0.029167
0 0.607812 0.156944 0.028125 0.030556
0 0.656641 0.154861 0.025781 0.031944
0 0.707031 0.154861 0.026562 0.031944
0 0.756250 0.153472 0.025000 0.031944
0 0.808203 0.150694 0.027344 0.031944
0 0.858594 0.148611 0.026562 0.030556
0 0.908984 0.145139 0.027344 0.031944
0 0.962500 0.139583 0.028125 0.034722
0 0.760938 0.052778 0.040625 0.036111
