0 0.504167 0.161111 0.040625 0.051852
0 0.445573 0.165278 0.038021 0.056481
0 0.383854 0.168981 0.036458 0.056481
0 0.322396 0.173611 0.036458 0.052778
0 0.258854 0.181019 0.041667 0.054630
0 0.193750 0.185648 0.041667 0.047222
0 0.127604 0.191204 0.044792 0.049074
0 0.059115 0.193519 0.040104 0.057407
0 0.564063 0.154167 0.035417 0.052778
0 0.620313 0.145833 0.034375 0.050926
0 0.678125 0.141204 0.036458 0.050926
0 0.735677 0.135185 0.029687 0.050000
0 0.783073 0.141667 0.025521 0.046296
0 0.829948 0.160648 0.036979 0.063889
0 0.875000 0.175463 0.033333 0.062037
0 0.916406 0.185648 0.029687 0.060185
0 0.959635 0.200926 0.032813 0.064815
