0 0.038672 0.122917 0.030469 0.037500
0 0.092969 0.121528 0.032813 0.034722
0 0.149219 0.121528 0.028125 0.040278
0 0.257422 0.122917 0.036719 0.040278
0 0.363281 0.120833 0.028125 0.038889
0 0.416016 0.118750 0.032031 0.037500
0 0.466016 0.117361 0.032031 0.031944
0 0.519922 0.115972 0.025781 0.040278
0 0.566016 0.113889 0.032031 0.036111
0 0.622266 0.111806 0.028906 0.031944
0 0.673438 0.111111 0.031250 0.033333
0 0.723828 0.109028 0.027344 0.031944
0 0.778516 0.104861 0.027344 0.037500
0 0.828906 0.103472 0.032813 0.037500
0 0.881641 0.100000 0.032031 0.036111
0 0.936328 0.098611 0.028906 0.041667
0 0.984375 0.091667 0.025000 0.036111
