0 0.026562 0.265278 0.028125 0.041667
0 0.079687 0.266667 0.028125 0.038889
0 0.129688 0.269444 0.028125 0.038889
0 0.180469 0.266667 0.023438 0.038889
0 0.231250 0.270833 0.018750 0.036111
0 0.278906 0.268056 0.023438 0.036111
0 0.328906 0.275000 0.023438 0.033333
0 0.377344 0.273611 0.023438 0.030556
0 0.428906 0.273611 0.023438 0.036111
0 0.475781 0.272222 0.029687 0.038889
0 0.523438 0.275000 0.028125 0.033333
0 0.573438 0.275000 0.025000 0.033333
0 0.623437 0.276389 0.028125 0.036111
0 0.671094 0.273611 0.026562 0.036111
0 0.720313 0.272222 0.025000 0.038889
0 0.766406 0.270833 0.026562 0.041667
0 0.817187 0.276389 0.028125 0.041667
0 0.867969 0.273611 0.029687 0.036111
0 0.918750 0.270833 0.028125 0.041667
0 0.970313 0.270833 0.028125 0.041667
