0 0.015625 0.090972 0.029687 0.045833
0 0.075000 0.088889 0.039062 0.041667
0 0.134766 0.087500 0.030469 0.038889
0 0.192969 0.082639 0.034375 0.043056
0 0.248828 0.085417 0.030469 0.037500
0 0.302734 0.078472 0.028906 0.037500
0 0.356641 0.078472 0.028906 0.037500
0 0.407422 0.072222 0.030469 0.036111
0 0.458984 0.068056 0.033594 0.036111
0 0.506641 0.065972 0.028906 0.037500
0 0.553906 0.062500 0.029687 0.033333
0 0.603125 0.059028 0.029687 0.037500
0 0.649219 0.053472 0.028125 0.040278
0 0.693359 0.048611 0.025781 0.038889
0 0.737891 0.044444 0.025781 0.038889
0 0.810156 0.054167 0.021875 0.038889
0 0.838281 0.063889 0.020313 0.044444
0 0.864453 0.075000 0.017969 0.044444
0 0.898047 0.090278 0.022656 0.050000
0 0.930078 0.102083 0.021094 0.045833
0 0.966797 0.120833 0.028906 0.047222
