0 0.069010 0.200926 0.041146 0.042593
0 0.134635 0.194444 0.044271 0.046296
0 0.199740 0.187963 0.041146 0.050000
0 0.263021 0.181481 0.037500 0.050000
0 0.326823 0.178704 0.039062 0.048148
0 0.388802 0.174537 0.038021 0.047222
0 0.445052 0.169907 0.042188 0.045370
0 0.505208 0.162963 0.035417 0.046296
0 0.562760 0.158333 0.032813 0.046296
0 0.620573 0.153241 0.032813 0.043519
0 0.678125 0.145833 0.034375 0.052778
0 0.723177 0.150926 0.024479 0.050000
0 0.767448 0.168056 0.026562 0.058333
0 0.811458 0.179630 0.026042 0.053704
0 0.853385 0.193981 0.027604 0.052778
0 0.894792 0.207407 0.026042 0.062963
0 0.934115 0.229630 0.025521 0.064815
0 0.972396 0.246759 0.020833 0.050926
