0 0.056510 0.193056 0.038021 0.045370
0 0.123958 0.188426 0.037500 0.043519
0 0.190885 0.186574 0.034896 0.039815
0 0.257812 0.179167 0.037500 0.047222
0 0.320573 0.173611 0.034896 0.041667
0 0.382292 0.168056 0.033333 0.045370
0 0.441927 0.160648 0.032813 0.041667
0 0.501302 0.155093 0.034896 0.041667
0 0.560156 0.150463 0.033854 0.043519
0 0.616667 0.145833 0.032292 0.045370
0 0.675260 0.139352 0.031771 0.039815
0 0.732031 0.133796 0.032813 0.039815
0 0.778906 0.135648 0.022396 0.039815
0 0.825260 0.155093 0.026562 0.037963
0 0.870052 0.168981 0.024479 0.043519
0 0.913802 0.183796 0.022396 0.045370
0 0.955469 0.198611 0.025521 0.045370
0 0.991146 0.213426 0.017708 0.041667
