0 0.204687 0.163889 0.029687 0.036111
0 0.152344 0.168750 0.031250 0.040278
0 0.100391 0.168750 0.035156 0.037500
0 0.044922 0.167361 0.033594 0.037500
0 0.304688 0.168056 0.032813 0.036111
0 0.355078 0.163889 0.030469 0.036111
0 0.405078 0.166667 0.039844 0.038889
0 0.457031 0.165278 0.029687 0.041667
0 0.507031 0.160417 0.031250 0.048611
0 0.556641 0.165278 0.036719 0.044444
0 0.761719 0.056250 0.046875 0.045833
0 0.608594 0.160417 0.035937 0.040278
0 0.658203 0.156944 0.030469 0.044444
0 0.707812 0.156250 0.031250 0.040278
0 0.759375 0.153472 0.032813 0.045833
0 0.808984 0.150000 0.030469 0.041667
0 0.862500 0.148611 0.028125 0.044444
0 0.910937 0.146528 0.034375 0.045833
0 0.966406 0.148611 0.035937 0.058333
