0 0.040234 0.195139 0.041406 0.031944
0 0.099609 0.196528 0.030469 0.043056
0 0.158594 0.193750 0.029687 0.040278
0 0.274219 0.197222 0.029687 0.041667
0 0.330469 0.193750 0.029687 0.037500
0 0.390234 0.195139 0.032031 0.031944
0 0.446875 0.194444 0.026562 0.038889
0 0.505078 0.195833 0.028906 0.036111
0 0.560937 0.190278 0.025000 0.033333
0 0.616016 0.189583 0.032031 0.040278
0 0.673047 0.188889 0.028906 0.041667
0 0.730078 0.182639 0.028906 0.034722
0 0.789453 0.181944 0.033594 0.038889
0 0.846094 0.179861 0.032813 0.037500
0 0.903906 0.179167 0.034375 0.036111
0 0.962891 0.172917 0.038281 0.043056
