0 0.051562 0.129861 0.032813 0.043056
0 0.125000 0.136806 0.037500 0.040278
0 0.192578 0.137500 0.041406 0.044444
0 0.260547 0.138194 0.038281 0.045833
0 0.330078 0.140278 0.038281 0.050000
0 0.398438 0.147222 0.032813 0.041667
0 0.464062 0.146528 0.039062 0.045833
0 0.528906 0.145833 0.043750 0.044444
0 0.602344 0.149306 0.045312 0.043056
0 0.670703 0.145139 0.036719 0.048611
0 0.743750 0.148611 0.039062 0.041667
0 0.812109 0.142361 0.044531 0.048611
0 0.887500 0.145139 0.042188 0.045833
0 0.966016 0.143056 0.039844 0.047222
