0 0.407031 0.168981 0.042188 0.050926
0 0.347396 0.173148 0.039583 0.051852
0 0.286719 0.183333 0.034896 0.046296
0 0.221094 0.181481 0.039062 0.055556
0 0.156510 0.191204 0.040104 0.049074
0 0.090104 0.196759 0.043750 0.050926
0 0.467969 0.165278 0.038021 0.049074
0 0.525000 0.157870 0.035417 0.047222
0 0.585938 0.154630 0.037500 0.046296
0 0.640885 0.148148 0.038021 0.046296
0 0.696615 0.141667 0.031771 0.050000
0 0.745313 0.146296 0.028125 0.051852
0 0.791406 0.159722 0.032813 0.060185
0 0.833073 0.173148 0.028646 0.057407
0 0.876563 0.186111 0.027083 0.053704
0 0.919792 0.206944 0.029167 0.052778
0 0.957031 0.222222 0.027604 0.064815
