0 0.037500 0.206019 0.044792 0.039815
0 0.108594 0.203241 0.041146 0.043519
0 0.175000 0.196296 0.039583 0.044444
0 0.240365 0.191204 0.044271 0.043519
0 0.299740 0.185185 0.041146 0.042593
0 0.364063 0.178241 0.042708 0.047222
0 0.424740 0.175000 0.040104 0.044444
0 0.481250 0.166667 0.035417 0.048148
0 0.541667 0.163889 0.034375 0.042593
0 0.595833 0.156944 0.035417 0.036111
0 0.652865 0.148148 0.034896 0.044444
0 0.702083 0.155556 0.030208 0.048148
0 0.745052 0.167130 0.028646 0.052778
0 0.788542 0.181019 0.028125 0.049074
0 0.829427 0.194907 0.024479 0.054630
0 0.869531 0.213426 0.026562 0.054630
0 0.908854 0.230556 0.023958 0.055556
0 0.946875 0.248611 0.026042 0.052778
0 0.984635 0.268981 0.022396 0.050926
