0 0.128125 0.191667 0.043750 0.051852
0 0.060156 0.197685 0.040104 0.052778
0 0.195312 0.187037 0.038542 0.050000
0 0.259115 0.179630 0.041146 0.057407
0 0.321354 0.177315 0.041667 0.052778
0 0.381250 0.167593 0.038542 0.046296
0 0.446354 0.161111 0.043750 0.053704
0 0.501042 0.155556 0.041667 0.059259
0 0.562500 0.151389 0.040625 0.052778
0 0.617188 0.143981 0.037500 0.054630
0 0.676823 0.139815 0.039062 0.051852
0 0.732552 0.133333 0.036979 0.057407
0 0.781250 0.137037 0.029167 0.051852
0 0.828125 0.152778 0.032292 0.061111
0 0.868750 0.169444 0.031250 0.061111
0 0.917448 0.184259 0.030729 0.062963
0 0.955729 0.197685 0.031250 0.065741
