0 0.058594 0.139583 0.035937 0.043056
0 0.125391 0.129861 0.035156 0.043056
0 0.233594 0.138889 0.025000 0.044444
0 0.275391 0.154861 0.017969 0.048611
0 0.308203 0.166667 0.022656 0.050000
0 0.352734 0.182639 0.024219 0.051389
0 0.389062 0.195833 0.026562 0.052778
0 0.433203 0.215278 0.022656 0.055556
0 0.474609 0.226389 0.022656 0.055556
0 0.523438 0.247917 0.026562 0.062500
0 0.566016 0.260417 0.025781 0.056944
0 0.787109 0.341667 0.039844 0.058333
0 0.853516 0.363194 0.038281 0.076389
0 0.924609 0.385417 0.041406 0.076389
