0 0.016797 0.171528 0.025781 0.031944
0 0.066016 0.172222 0.024219 0.033333
0 0.116406 0.171528 0.026562 0.031944
0 0.169922 0.172917 0.024219 0.031944
0 0.269922 0.173611 0.030469 0.036111
0 0.317969 0.174306 0.025000 0.031944
0 0.369531 0.174306 0.028125 0.029167
0 0.419141 0.170139 0.035156 0.031944
0 0.514844 0.168750 0.026562 0.029167
0 0.561719 0.168056 0.026562 0.027778
0 0.611328 0.165972 0.021094 0.026389
0 0.660156 0.160417 0.025000 0.043056
0 0.711328 0.161111 0.025781 0.033333
0 0.757422 0.161111 0.028906 0.033333
0 0.808594 0.158333 0.023438 0.030556
0 0.857812 0.158333 0.025000 0.036111
0 0.908594 0.154167 0.026562 0.033333
0 0.957812 0.149306 0.026562 0.037500
