0 0.008594 0.190278 0.015625 0.047222
0 0.117188 0.175000 0.034375 0.041667
0 0.182812 0.050694 0.056250 0.037500
0 0.182031 0.174306 0.031250 0.023611
0 0.247656 0.178472 0.032813 0.023611
0 0.313281 0.184722 0.034375 0.022222
0 0.380859 0.198611 0.033594 0.038889
0 0.447656 0.202778 0.034375 0.041667
0 0.586719 0.203472 0.034375 0.026389
0 0.658984 0.208333 0.035156 0.025000
0 0.731641 0.212500 0.036719 0.022222
0 0.807813 0.223611 0.035937 0.047222
0 0.884766 0.228472 0.038281 0.043056
0 0.965625 0.231944 0.039062 0.041667
