0 0.016406 0.263889 0.029687 0.041667
0 0.076953 0.267361 0.028906 0.043056
0 0.133594 0.270139 0.026562 0.037500
0 0.189062 0.270139 0.029687 0.037500
0 0.245312 0.274306 0.028125 0.029167
0 0.302344 0.272222 0.026562 0.036111
0 0.357812 0.274306 0.029687 0.031944
0 0.411719 0.273611 0.028125 0.030556
0 0.466406 0.276389 0.031250 0.033333
0 0.522266 0.276389 0.027344 0.036111
0 0.577734 0.275000 0.028906 0.030556
0 0.633203 0.275694 0.027344 0.034722
0 0.689453 0.273611 0.028906 0.038889
0 0.744141 0.275694 0.027344 0.034722
0 0.802734 0.276389 0.027344 0.038889
0 0.859375 0.272222 0.028125 0.036111
0 0.919922 0.272222 0.027344 0.036111
0 0.981250 0.272222 0.032813 0.036111
