0 0.028125 0.188889 0.026562 0.030556
0 0.081641 0.187500 0.027344 0.027778
0 0.131641 0.189583 0.027344 0.029167
0 0.182031 0.189583 0.025000 0.029167
0 0.240625 0.190278 0.010937 0.027778
0 0.280859 0.188889 0.025781 0.025000
0 0.330469 0.188194 0.023438 0.026389
0 0.380078 0.187500 0.024219 0.027778
0 0.428516 0.184722 0.024219 0.027778
0 0.525781 0.183333 0.025000 0.027778
0 0.573438 0.181250 0.026562 0.029167
0 0.622656 0.184028 0.025000 0.026389
0 0.671484 0.179167 0.025781 0.027778
0 0.720703 0.178472 0.025781 0.029167
0 0.769141 0.177778 0.025781 0.030556
0 0.819141 0.175000 0.025781 0.030556
0 0.868359 0.174306 0.025781 0.029167
0 0.919922 0.171528 0.024219 0.029167
0 0.972266 0.166667 0.027344 0.030556
0 0.775000 0.078472 0.042188 0.037500
