0 0.060937 0.172222 0.034375 0.044444
0 0.116406 0.170833 0.031250 0.044444
0 0.173047 0.172917 0.035156 0.043056
0 0.288281 0.176389 0.031250 0.041667
0 0.341016 0.172917 0.033594 0.034722
0 0.396484 0.174306 0.033594 0.040278
0 0.455469 0.172917 0.037500 0.048611
0 0.501563 0.170139 0.025000 0.037500
0 0.557422 0.168056 0.027344 0.044444
0 0.609766 0.169444 0.030469 0.036111
0 0.666406 0.163889 0.032813 0.038889
0 0.720313 0.166667 0.039062 0.058333
0 0.772656 0.162500 0.035937 0.050000
0 0.828906 0.159028 0.034375 0.043056
0 0.883984 0.157639 0.039844 0.056944
0 0.940625 0.159028 0.039062 0.062500
