0 0.044141 0.243056 0.035156 0.041667
0 0.104297 0.249306 0.032031 0.040278
0 0.162109 0.250000 0.030469 0.038889
0 0.221094 0.252083 0.028125 0.034722
0 0.278906 0.252778 0.028125 0.044444
0 0.336328 0.252778 0.025781 0.044444
0 0.393359 0.252778 0.030469 0.038889
0 0.448437 0.254861 0.028125 0.040278
0 0.505078 0.258333 0.032031 0.038889
0 0.557422 0.254861 0.017969 0.043056
0 0.620313 0.255556 0.029687 0.041667
0 0.735547 0.256250 0.028906 0.040278
0 0.794922 0.252778 0.035156 0.033333
0 0.853516 0.255556 0.030469 0.041667
0 0.914062 0.252778 0.034375 0.038889
0 0.977344 0.250694 0.031250 0.040278
