0 0.027344 0.165278 0.032813 0.030556
0 0.078906 0.167361 0.028125 0.031944
0 0.126953 0.167361 0.032031 0.037500
0 0.177734 0.165278 0.033594 0.041667
0 0.226172 0.165278 0.030469 0.038889
0 0.278516 0.168056 0.027344 0.038889
0 0.326562 0.168056 0.029687 0.033333
0 0.380078 0.167361 0.027344 0.037500
0 0.426172 0.162500 0.025781 0.038889
0 0.524609 0.161111 0.028906 0.033333
0 0.572266 0.161806 0.027344 0.034722
0 0.621484 0.159028 0.022656 0.034722
0 0.669922 0.156944 0.027344 0.033333
0 0.717187 0.159028 0.029687 0.040278
0 0.769922 0.154861 0.033594 0.048611
0 0.816797 0.152778 0.032031 0.036111
0 0.869922 0.150000 0.030469 0.041667
0 0.918750 0.149306 0.031250 0.043056
0 0.969922 0.142361 0.027344 0.043056
