0 0.039062 0.158333 0.032813 0.036111
0 0.101562 0.159028 0.031250 0.034722
0 0.225391 0.158333 0.030469 0.036111
0 0.285938 0.159028 0.028125 0.031944
0 0.345703 0.156250 0.028906 0.037500
0 0.404687 0.156944 0.028125 0.036111
0 0.463281 0.154861 0.029687 0.037500
0 0.521875 0.151389 0.028125 0.036111
0 0.579688 0.150000 0.029687 0.033333
0 0.637891 0.148611 0.028906 0.036111
0 0.696484 0.145833 0.028906 0.036111
0 0.755469 0.142361 0.029687 0.037500
0 0.759375 0.027778 0.048438 0.038889
0 0.813672 0.140278 0.030469 0.036111
0 0.875000 0.135417 0.031250 0.034722
0 0.934375 0.131250 0.032813 0.040278
0 0.989844 0.128472 0.020313 0.034722
