0 0.116146 0.190741 0.043750 0.042593
0 0.184635 0.187500 0.038021 0.043519
0 0.248698 0.179630 0.038021 0.053704
0 0.312240 0.176389 0.039062 0.043519
0 0.373177 0.170370 0.039062 0.053704
0 0.435156 0.161574 0.038021 0.049074
0 0.496094 0.158796 0.029687 0.047222
0 0.553385 0.152315 0.035937 0.045370
0 0.611198 0.146296 0.034896 0.046296
0 0.669531 0.140278 0.038021 0.045370
0 0.727344 0.136574 0.033854 0.039815
0 0.773698 0.139815 0.025521 0.048148
0 0.820052 0.151852 0.027604 0.053704
0 0.861198 0.167593 0.026562 0.050000
0 0.909635 0.187037 0.028646 0.057407
0 0.948698 0.201852 0.020313 0.059259
0 0.986719 0.218056 0.022396 0.054630
