0 0.051172 0.064583 0.033594 0.043056
0 0.113281 0.065972 0.031250 0.037500
0 0.168750 0.068056 0.031250 0.041667
0 0.226562 0.065972 0.029687 0.037500
0 0.280859 0.065972 0.028906 0.037500
0 0.337500 0.065972 0.029687 0.037500
0 0.392188 0.058333 0.031250 0.036111
0 0.443359 0.062500 0.028906 0.038889
0 0.496484 0.063194 0.032031 0.040278
0 0.550391 0.061111 0.033594 0.041667
0 0.601953 0.056944 0.027344 0.041667
0 0.651172 0.056250 0.028906 0.043056
0 0.703516 0.053472 0.032031 0.040278
0 0.755859 0.050000 0.030469 0.041667
0 0.806641 0.047917 0.030469 0.045833
0 0.857812 0.043056 0.029687 0.036111
0 0.910547 0.036806 0.028906 0.043056
0 0.964844 0.032639 0.032813 0.045833
