0 0.057031 0.257639 0.029687 0.037500
0 0.118359 0.262500 0.030469 0.030556
0 0.175781 0.263889 0.031250 0.036111
0 0.234766 0.265278 0.032031 0.038889
0 0.294141 0.266667 0.032031 0.036111
0 0.351562 0.269444 0.031250 0.036111
0 0.408594 0.266667 0.028125 0.036111
0 0.465625 0.267361 0.029687 0.031944
0 0.521875 0.270833 0.029687 0.036111
0 0.580078 0.268750 0.027344 0.040278
0 0.637109 0.268750 0.030469 0.043056
0 0.696094 0.269444 0.028125 0.041667
0 0.753906 0.269444 0.028125 0.041667
0 0.814844 0.273611 0.028125 0.033333
0 0.874609 0.267361 0.028906 0.043056
0 0.939063 0.266667 0.035937 0.041667
0 0.991406 0.265972 0.017188 0.037500
