0 0.028516 0.140972 0.035156 0.037500
0 0.089453 0.134028 0.027344 0.040278
0 0.144141 0.122222 0.027344 0.038889
0 0.201563 0.120833 0.025000 0.038889
0 0.254688 0.109028 0.021875 0.048611
0 0.342969 0.115972 0.017188 0.043056
0 0.370703 0.126389 0.013281 0.044444
0 0.399219 0.138194 0.014063 0.043056
0 0.428906 0.154167 0.020313 0.044444
0 0.461719 0.164583 0.015625 0.045833
0 0.496875 0.176389 0.018750 0.041667
0 0.529297 0.189583 0.019531 0.043056
0 0.565625 0.200000 0.018750 0.050000
0 0.603516 0.215972 0.016406 0.054167
0 0.781641 0.278472 0.028906 0.062500
0 0.830859 0.297917 0.030469 0.054167
0 0.890234 0.320139 0.033594 0.048611
0 0.949219 0.340972 0.032813 0.065278
