0 0.014844 0.170139 0.026562 0.029167
0 0.068359 0.169444 0.027344 0.027778
0 0.119531 0.169444 0.028125 0.030556
0 0.170703 0.170139 0.027344 0.031944
0 0.214844 0.166667 0.015625 0.033333
0 0.269531 0.170833 0.026562 0.025000
0 0.319141 0.168750 0.025781 0.029167
0 0.367969 0.168750 0.023438 0.031944
0 0.417969 0.167361 0.025000 0.029167
0 0.514453 0.165278 0.024219 0.033333
0 0.564453 0.163889 0.024219 0.030556
0 0.612500 0.164583 0.025000 0.026389
0 0.660156 0.160417 0.026562 0.031944
0 0.709766 0.159722 0.024219 0.030556
0 0.758594 0.158333 0.025000 0.030556
0 0.807422 0.155556 0.025781 0.030556
0 0.857812 0.154167 0.026562 0.030556
0 0.908203 0.150694 0.024219 0.031944
0 0.958594 0.149306 0.029687 0.034722
0 0.762500 0.061111 0.040625 0.033333
