0 0.053516 0.141667 0.030469 0.050000
0 0.121875 0.139583 0.035937 0.043056
0 0.189844 0.141667 0.034375 0.047222
0 0.258203 0.150694 0.038281 0.048611
0 0.325000 0.150694 0.040625 0.043056
0 0.391016 0.154861 0.038281 0.045833
0 0.457422 0.154861 0.036719 0.054167
0 0.525000 0.157639 0.042188 0.045833
0 0.593750 0.158333 0.037500 0.047222
0 0.665234 0.157639 0.039844 0.045833
0 0.735156 0.161111 0.039062 0.044444
0 0.808203 0.158333 0.044531 0.050000
0 0.880078 0.161111 0.038281 0.047222
0 0.957031 0.160417 0.037500 0.056944
