0 0.104688 0.062500 0.031250 0.038889
0 0.162891 0.067361 0.027344 0.037500
0 0.217969 0.071528 0.028125 0.037500
0 0.275000 0.068750 0.032813 0.029167
0 0.326172 0.068750 0.027344 0.040278
0 0.382031 0.067361 0.031250 0.037500
0 0.433984 0.067361 0.027344 0.037500
0 0.486328 0.067361 0.027344 0.037500
0 0.537500 0.066667 0.026562 0.036111
0 0.591406 0.063889 0.028125 0.036111
0 0.641406 0.062500 0.031250 0.038889
0 0.695312 0.059722 0.031250 0.033333
0 0.747266 0.057639 0.033594 0.031944
0 0.797656 0.054167 0.031250 0.036111
0 0.849609 0.052778 0.028906 0.036111
0 0.904297 0.045833 0.030469 0.036111
0 0.956641 0.041667 0.035156 0.038889
