0 0.050000 0.254167 0.043750 0.050000
0 0.138672 0.252778 0.041406 0.058333
0 0.223438 0.244444 0.040625 0.052778
0 0.303906 0.235417 0.039062 0.051389
0 0.380078 0.229861 0.039844 0.054167
0 0.455859 0.221528 0.035156 0.054167
0 0.528906 0.212500 0.035937 0.055556
0 0.601953 0.206944 0.035156 0.052778
0 0.669531 0.200694 0.039062 0.048611
0 0.781641 0.217361 0.022656 0.051389
0 0.824609 0.228472 0.022656 0.059722
0 0.867969 0.251389 0.025000 0.047222
0 0.917578 0.268056 0.025781 0.055556
0 0.969922 0.286806 0.028906 0.056944
