0 0.066406 0.128472 0.035937 0.034722
0 0.124219 0.134722 0.015625 0.033333
0 0.201953 0.136806 0.036719 0.037500
0 0.269922 0.141667 0.032031 0.038889
0 0.337500 0.143750 0.034375 0.043056
0 0.404687 0.146528 0.034375 0.040278
0 0.472656 0.150000 0.034375 0.041667
0 0.541406 0.154167 0.032813 0.041667
0 0.611719 0.155556 0.035937 0.038889
0 0.683203 0.156250 0.036719 0.043056
0 0.755078 0.156944 0.039844 0.041667
0 0.830078 0.159028 0.038281 0.043056
0 0.905469 0.159722 0.040625 0.041667
0 0.982422 0.159722 0.035156 0.044444
