0 0.060937 0.168056 0.028125 0.030556
0 0.010156 0.163889 0.018750 0.033333
0 0.113281 0.164583 0.028125 0.034722
0 0.162891 0.166667 0.030469 0.036111
0 0.212891 0.165278 0.022656 0.038889
0 0.266016 0.165972 0.024219 0.034722
0 0.312891 0.164583 0.028906 0.029167
0 0.365234 0.163889 0.024219 0.036111
0 0.413281 0.162500 0.031250 0.027778
0 0.462891 0.164583 0.025781 0.029167
0 0.514453 0.161111 0.035156 0.033333
0 0.560156 0.160417 0.025000 0.037500
0 0.612500 0.159722 0.025000 0.036111
0 0.659766 0.157639 0.024219 0.031944
0 0.708594 0.154861 0.023438 0.034722
0 0.759375 0.152083 0.023438 0.037500
0 0.807422 0.150694 0.032031 0.037500
0 0.860547 0.149306 0.030469 0.034722
0 0.909766 0.147917 0.027344 0.031944
0 0.962500 0.145833 0.026562 0.041667
